0.00000 0.61450 0.30462 0.46429 0.30882 0.48845 0.30987 0.59979 0.57458 0.56197
0.61450 0.00000 0.55042 0.45903 0.64076 0.61870 0.63971 0.47164 0.65861 0.31197
0.30462 0.55042 0.00000 0.30042 0.47584 0.34244 0.47689 0.54307 0.49055 0.46954
0.46429 0.45903 0.30042 0.00000 0.56933 0.48424 0.55567 0.46218 0.58403 0.30042
0.30882 0.64076 0.47584 0.56933 0.00000 0.58929 0.47584 0.64076 0.63340 0.61870
0.48845 0.61870 0.34244 0.48424 0.58929 0.00000 0.58824 0.60189 0.30672 0.57563
0.30987 0.63971 0.47689 0.55567 0.47584 0.58824 0.00000 0.62710 0.63340 0.60714
0.59979 0.47164 0.54307 0.46218 0.64076 0.60189 0.62710 0.00000 0.64496 0.31197
0.57458 0.65861 0.49055 0.58403 0.63340 0.30672 0.63340 0.64496 0.00000 0.64811
0.56197 0.31197 0.46954 0.30042 0.61870 0.57563 0.60714 0.31197 0.64811 0.00000